
Print Array of Complex Numbers in Polar Format
5.000000 < 0.927295
3.162278 < 1.892544
9.906654 < -1.695274
98.350138 < -1.538864
3.152174 < 0.536067

Testing add operator a[0] + a[1]
2.000000 + 7.000000j

Testing subtract operator a[1] - a[2]
0.230000 + 12.830000j

Testing multiply operator a[2] * a[3]
-970.151200 + 90.042800j
-970.151200 + 90.042800j

Testing divide operator a[3] / a[4]
-15.071516 + -27.319136j

Testing divide by zero a[4] / (0)
NaN

Now display the results array in polar format
7.280110 < 1.292497
12.832061 < 1.552872
974.320818 < 3.049042
31.200734 < -2.074928
NaN
A Matrix
0.000000                      1.000000                      2.000000                      
3.000000                      4.000000                      5.000000                      
6.000000                      7.000000                      8.000000                      

B transpose
0.000000                      3.000000                      6.000000                      
1.000000                      4.000000                      7.000000                      
2.000000                      5.000000                      8.000000                      


The C matrix 
1.000000 + 1.000000j          0.000000                      0.000000                      0.000000                      
0.000000                      4.000000 + 2.000000j          0.000000                      0.000000                      
0.000000                      0.000000                      1.000000 + 1.000000j          0.000000                      
0.000000                      0.000000                      0.000000                      1.000000j                     

D Matrix
9.000000 + 9.000000j          10.000000 + 10.000000j        11.000000 + 11.000000j        
12.000000 + 12.000000j        13.000000 + 13.000000j        14.000000 + 14.000000j        

The A = B*B matrix is 
15.000000                     42.000000                     69.000000                     
18.000000                     54.000000                     90.000000                     
21.000000                     66.000000                     111.000000                    


The transpose of A is then
15.000000                     18.000000                     21.000000                     
42.000000                     54.000000                     66.000000                     
69.000000                     90.000000                     111.000000                    

The matrix A is still the following
15.000000                     42.000000                     69.000000                     
18.000000                     54.000000                     90.000000                     
21.000000                     66.000000                     111.000000                    

The B = B+B matrix is 
0.000000                      6.000000                      12.000000                     
2.000000                      8.000000                      14.000000                     
4.000000                      10.000000                     16.000000                     

The B = (6+7j)*B gives B as 
0.000000                      36.000000 + 42.000000j        72.000000 + 84.000000j        
12.000000 + 14.000000j        48.000000 + 56.000000j        84.000000 + 98.000000j        
24.000000 + 28.000000j        60.000000 + 70.000000j        96.000000 + 112.000000j       

The B = B*(7+7j) gives B as 
0.000000                      -42.000000 + 546.000000j      -84.000000 + 1092.000000j     
-14.000000 + 182.000000j      -56.000000 + 728.000000j      -98.000000 + 1274.000000j     
-28.000000 + 364.000000j      -70.000000 + 910.000000j      -112.000000 + 1456.000000j    

The conjugate transpose of B is 
0.000000                      -14.000000 + -182.000000j     -28.000000 + -364.000000j     
-42.000000 + -546.000000j     -56.000000 + -728.000000j     -70.000000 + -910.000000j     
-84.000000 + -1092.000000j    -98.000000 + -1274.000000j    -112.000000 + -1456.000000j   

The A = A-A matrix is 
0.000000                      0.000000                      0.000000                      0.000000                      
0.000000                      0.000000                      0.000000                      0.000000                      
0.000000                      0.000000                      0.000000                      0.000000                      
0.000000                      0.000000                      0.000000                      0.000000                      

Multiply with rectanglur matrix D: E=D*B
16128.000000 + -18816.000000j 21168.000000 + -24696.000000j 26208.000000 + -30576.000000j 
20664.000000 + -24108.000000j 27216.000000 + -31752.000000j 33768.000000 + -39396.000000j 

Try multiplying mismatched matrices
Matrix Mismatch Error!
This matrix has zero elements

Try adding mismatched matrices
Matrix Mismatch Error!
This matrix has zero elements

Try subtracting mismatched matrices
Matrix Mismatch Error!
This matrix has zero elements

